results = calH(5,0.4,1000,30)


-> H found: H = 3.84, arl = 32.01 (0.86), arl0 = 30. 
results is ([32.00999000999001, 0.8648105905269473, [52, 54, 57, 41, 9, 2, 7, 31, 13, 85, 35, 16, 56, 101, 40, 58, 25, 35, 19, 38, 79, 79, 9, 
43, 4, 76, 30, 88, 14, 116, 8, 4, 57, 13, 51, 15, 33, 29, 57, 29, 67, 44, 5, 53, 40, 14, 27, 28, 13, 70, 99, 17, 76, 18, 47, 16, 15, 12, 48, 19, 16, 13, 93, 25, 12, 13, 63, 37, 35, 42, 22, 4, 27, 46, 4, 20, 3, 18, 20, 18, 94, 36, 48, 9, 4, 10, 97, 36, 43, 53, 5, 56, 18, 11, 4, 44, 18, 20, 7, 13, 22, 13, 102, 46, 13, 81, 14, 19, 7, 25, 13, 13, 21, 12, 41, 19, 34, 14, 29, 18, 11, 23, 37, 16, 27, 4, 20, 15, 30, 17, 7, 36, 42, 9, 27, 58, 73, 13, 43, 37, 16, 63, 19, 16, 92, 21, 41, 42, 25, 48, 31, 9, 27, 23, 12, 12, 55, 15, 17, 33, 24, 63, 18, 12, 13, 26, 13, 35, 65, 11, 69, 11, 49, 5, 29, 19, 32, 34, 6, 4, 34, 15, 23, 8, 14, 20, 49, 5, 13, 58, 48, 113, 5, 9, 8, 71, 81, 17, 65, 34, 72, 26, 34, 56, 31, 14, 
24, 56, 69, 41, 51, 32, 7, 8, 6, 30, 31, 9, 50, 25, 13, 12, 44, 57, 23, 4, 14, 75, 32, 41, 16, 4, 3, 70, 33, 14, 19, 49, 16, 33, 7, 99, 18, 41, 52, 10, 35, 11, 11, 19, 67, 6, 60, 29, 8, 9, 26, 7, 59, 16, 143, 6, 35, 20, 26, 38, 32, 14, 11, 69, 10, 53, 11, 9, 40, 31, 51, 103, 18, 26, 
64, 17, 98, 11, 12, 50, 24, 5, 25, 17, 51, 28, 8, 16, 30, 41, 13, 13, 22, 6, 57, 28, 4, 13, 150, 16, 21, 30, 20, 26, 14, 13, 36, 7, 5, 9, 45, 
31, 109, 11, 33, 60, 20, 22, 13, 8, 21, 20, 9, 6, 8, 69, 39, 5, 229, 24, 7, 10, 23, 26, 34, 6, 26, 41, 13, 7, 11, 20, 8, 30, 45, 11, 61, 3, 37, 5, 67, 14, 121, 34, 35, 7, 61, 7, 9, 29, 36, 48, 29, 33, 8, 10, 25, 21, 51, 19, 12, 34, 18, 29, 11, 56, 49, 22, 39, 41, 7, 32, 25, 28, 7, 21, 22, 8, 18, 66, 66, 19, 72, 27, 46, 79, 10, 12, 20, 8, 64, 41, 17, 17, 48, 41, 93, 86, 10, 42, 38, 9, 42, 14, 20, 15, 12, 81, 16, 77, 28, 8, 
15, 54, 12, 14, 20, 97, 14, 16, 18, 53, 72, 6, 61, 50, 31, 14, 22, 17, 69, 8, 19, 28, 15, 17, 13, 24, 24, 16, 11, 4, 12, 48, 18, 16, 44, 72, 7, 29, 13, 31, 39, 34, 23, 28, 73, 27, 8, 62, 22, 20, 20, 15, 86, 7, 28, 75, 148, 16, 12, 51, 16, 14, 11, 94, 12, 8, 50, 18, 15, 38, 60, 20, 62, 12, 46, 15, 84, 54, 11, 36, 20, 46, 8, 14, 18, 51, 80, 50, 6, 13, 44, 30, 25, 17, 11, 18, 46, 22, 23, 64, 27, 34, 6, 15, 100, 36, 7, 99, 29, 11, 52, 29, 19, 73, 11, 35, 41, 30, 27, 22, 4, 53, 46, 9, 30, 11, 23, 14, 20, 60, 15, 26, 30, 12, 52, 56, 12, 43, 25, 12, 37, 51, 12, 45, 29, 57, 20, 19, 53, 39, 16, 8, 9, 20, 26, 14, 9, 22, 13, 168, 179, 44, 15, 30, 38, 14, 4, 16, 43, 17, 121, 4, 34, 141, 8, 5, 17, 34, 23, 4, 7, 14, 51, 74, 3, 86, 39, 16, 35, 13, 3, 6, 53, 8, 16, 27, 32, 72, 49, 8, 70, 35, 30, 14, 27, 59, 69, 7, 11, 11, 22, 20, 7, 11, 74, 20, 30, 67, 120, 6, 76, 59, 11, 5, 16, 19, 34, 12, 48, 69, 53, 8, 11, 72, 24, 9, 6, 13, 8, 8, 19, 30, 20, 19, 9, 23, 14, 42, 44, 87, 6, 30, 38, 12, 24, 21, 12, 43, 73, 6, 53, 78, 26, 11, 11, 34, 47, 9, 41, 80, 4, 59, 26, 5, 55, 61, 12, 80, 9, 4, 6, 32, 12, 30, 3, 21, 41, 26, 11, 4, 9, 74, 41, 8, 19, 24, 11, 44, 71, 17, 26, 15, 10, 24, 79, 7, 35, 31, 46, 41, 17, 84, 7, 9, 30, 3, 92, 32, 18, 10, 34, 17, 22, 6, 15, 52, 9, 88, 9, 13, 54, 66, 59, 59, 52, 10, 4, 65, 12, 55, 57, 58, 10, 6, 12, 81, 42, 22, 4, 15, 8, 34, 20, 8, 7, 13, 57, 46, 35, 85, 28, 46, 17, 25, 39, 4, 53, 33, 26, 
3, 40, 6, 25, 29, 18, 97, 75, 10, 21, 20, 29, 53, 77, 23, 39, 43, 15, 35, 27, 19, 11, 36, 8, 26, 27, 19, 25, 16, 88, 38, 42, 33, 17, 29, 95, 23, 16, 17, 7, 8, 17, 149, 6, 16, 3, 27, 13, 36, 20, 45, 23, 47, 22, 73, 15, 16, 78, 30, 11, 146, 11, 77, 40, 4, 25, 16, 63, 66, 93, 40, 35, 38, 40, 12, 11, 33, 44, 47, 20, 16, 32, 37, 21, 25, 43, 14, 34, 35, 10, 70, 60, 17, 22, 7, 20, 87, 12, 13, 7, 25, 5, 13, 16, 11, 7, 4, 171, 16, 
8, 36, 19, 26, 34, 69, 20, 9, 31, 22, 42, 11, 35, 6, 108, 19, 8, 24, 23, 11, 5, 97, 56, 68, 22, 5, 82, 4, 16, 59, 12, 28, 20, 57, 11, 21, 17, 
7, 7, 35, 41, 52, 7, 51, 82, 9, 64, 10, 11, 9, 5, 44, 13, 32, 29, 37, 6, 20, 8, 22, 142, 24, 13, 28, 48, 5, 76, 24, 11, 42, 28, 37, 73, 13, 28, 32, 21, 23, 12, 20, 96, 14, 90, 24, 15, 27, 62, 12, 10, 55, 8, 81, 12, 30, 23]], 3.841536627541396)

results = calH(5,0.5,1000,30)


Try bounds: trial H = 3.28.
-> Bounds found: H = 3.28, arl = 30.50 (0.88), arl0 = 30. Optimal H found. 
results is [30.4975024975025, 0.881527812435187, [10, 9, 18, 29, 7, 18, 5, 13, 4, 24, 14, 16, 11, 46, 6, 53, 12, 31, 35, 20, 46, 32, 129, 27, 
7, 70, 7, 13, 19, 20, 82, 9, 74, 24, 12, 48, 13, 42, 109, 28, 59, 46, 79, 16, 9, 34, 32, 35, 35, 19, 15, 65, 32, 87, 22, 22, 73, 28, 10, 142, 
54, 57, 27, 9, 61, 33, 5, 66, 14, 20, 5, 29, 45, 36, 36, 31, 10, 19, 82, 66, 29, 23, 64, 6, 11, 4, 4, 39, 4, 18, 53, 82, 71, 14, 26, 12, 12, 7, 20, 6, 26, 21, 18, 12, 9, 22, 46, 4, 7, 168, 13, 25, 19, 10, 52, 22, 56, 8, 23, 77, 15, 31, 60, 16, 42, 34, 70, 42, 64, 33, 59, 22, 73, 67, 
24, 28, 6, 45, 96, 11, 15, 10, 34, 30, 34, 26, 82, 10, 35, 25, 48, 26, 16, 47, 14, 22, 4, 24, 10, 15, 29, 23, 4, 13, 47, 18, 5, 109, 17, 17, 56, 13, 27, 7, 6, 25, 69, 17, 87, 19, 47, 42, 23, 26, 44, 70, 9, 86, 20, 7, 23, 7, 13, 65, 23, 51, 10, 67, 112, 43, 6, 71, 5, 44, 10, 19, 5, 31, 64, 39, 59, 5, 87, 47, 21, 38, 4, 98, 15, 8, 146, 12, 45, 31, 19, 15, 11, 51, 9, 15, 51, 22, 34, 15, 7, 29, 40, 16, 5, 25, 85, 43, 33, 14, 13, 84, 14, 31, 7, 38, 22, 11, 14, 51, 42, 16, 5, 17, 17, 25, 20, 125, 26, 8, 119, 250, 29, 33, 13, 10, 6, 13, 109, 7, 46, 112, 4, 10, 127, 14, 33, 4, 40, 14, 6, 60, 59, 55, 11, 56, 44, 38, 84, 11, 15, 18, 22, 2, 6, 5, 12, 13, 42, 17, 58, 79, 58, 9, 47, 82, 14, 31, 35, 42, 68, 32, 11, 20, 15, 7, 7, 5, 45, 12, 28, 12, 21, 16, 18, 24, 56, 15, 15, 8, 71, 11, 17, 2, 9, 13, 82, 94, 63, 18, 47, 57, 10, 7, 30, 38, 36, 5, 32, 14, 9, 71, 41, 34, 28, 8, 35, 15, 96, 21, 21, 12, 15, 16, 48, 52, 55, 17, 31, 38, 11, 18, 42, 22, 18, 29, 21, 17, 36, 32, 31, 18, 30, 17, 18, 12, 15, 51, 21, 20, 20, 11, 38, 38, 31, 33, 9, 22, 74, 43, 13, 13, 33, 82, 76, 3, 9, 24, 4, 32, 45, 28, 9, 91, 12, 11, 99, 27, 38, 6, 5, 17, 27, 5, 14, 18, 23, 16, 21, 7, 100, 12, 6, 40, 30, 66, 4, 34, 21, 26, 37, 44, 48, 24, 11, 28, 46, 19, 7, 44, 13, 6, 10, 15, 19, 34, 13, 8, 26, 23, 32, 49, 113, 31, 8, 53, 21, 24, 30, 28, 12, 94, 10, 44, 11, 20, 21, 43, 9, 79, 21, 35, 40, 18, 19, 10, 67, 18, 8, 16, 13, 29, 43, 8, 15, 81, 13, 29, 35, 10, 19, 25, 99, 17, 37, 5, 91, 6, 12, 26, 8, 4, 4, 4, 6, 68, 5, 66, 21, 27, 38, 8, 26, 35, 64, 4, 183, 8, 138, 49, 16, 10, 13, 7, 29, 50, 15, 36, 4, 67, 38, 29, 18, 29, 87, 9, 38, 39, 8, 6, 8, 32, 5, 12, 19, 32, 7, 10, 18, 165, 15, 65, 62, 39, 9, 21, 6, 7, 24, 6, 14, 7, 48, 
20, 66, 11, 23, 28, 11, 148, 24, 18, 11, 10, 6, 5, 4, 11, 69, 39, 6, 25, 132, 17, 11, 34, 63, 58, 14, 13, 14, 4, 61, 4, 79, 42, 15, 5, 38, 27, 15, 8, 26, 13, 79, 20, 12, 24, 26, 19, 6, 4, 72, 20, 4, 8, 18, 26, 9, 5, 33, 21, 85, 14, 62, 5, 26, 8, 45, 24, 34, 34, 24, 24, 18, 28, 64, 36, 85, 55, 160, 53, 143, 31, 21, 28, 26, 11, 5, 36, 9, 50, 39, 9, 12, 6, 8, 36, 138, 17, 14, 7, 68, 42, 17, 18, 60, 10, 16, 7, 8, 11, 21, 57, 12, 73, 55, 29, 66, 31, 24, 30, 17, 31, 16, 30, 45, 33, 32, 5, 19, 73, 23, 63, 11, 16, 50, 6, 8, 14, 64, 78, 15, 10, 7, 13, 63, 25, 9, 4, 3, 9, 17, 9, 20, 18, 7, 17, 7, 11, 10, 44, 7, 40, 19, 11, 27, 35, 23, 25, 7, 16, 62, 3, 30, 5, 34, 17, 70, 7, 109, 9, 24, 18, 26, 35, 52, 38, 23, 7, 11, 6, 7, 48, 71, 37, 6, 33, 11, 15, 4, 50, 31, 18, 10, 27, 16, 10, 12, 38, 39, 10, 36, 10, 15, 41, 23, 28, 22, 4, 62, 5, 4, 6, 49, 11, 5, 8, 53, 60, 43, 56, 27, 60, 44, 43, 3, 28, 53, 38, 48, 23, 10, 22, 24, 3, 91, 4, 18, 14, 14, 11, 13, 7, 20, 10, 19, 7, 31, 19, 50, 71, 61, 4, 54, 3, 19, 21, 32, 3, 59, 35, 7, 16, 39, 11, 11, 9, 4, 31, 7, 19, 45, 26, 48, 93, 8, 13, 65, 30, 9, 42, 18, 11, 7, 31, 6, 70, 131, 29, 35, 30, 41, 35, 68, 6, 62, 3, 60, 2, 24, 111, 15, 24, 4, 8, 10, 41, 10, 60, 16, 26, 86, 15, 13, 50, 12, 12, 27, 29, 44, 45, 4, 57, 29, 20, 6, 6, 103, 10, 16, 34, 10, 8, 19, 21, 13, 3, 13, 9, 15, 38, 6, 6, 102, 27, 20, 21, 78, 57, 5, 44, 21, 29, 16, 9, 16, 66, 11, 14, 15, 7, 20, 27, 9, 12, 38, 11, 27, 77, 4, 13, 34, 47, 55, 9, 22, 57, 15, 72, 61, 15, 47, 11, 33, 17, 9, 27, 24, 41, 107, 10, 34, 12, 20, 41, 15, 10, 24, 31, 52, 7, 22, 
6, 2, 25, 16, 46, 31, 17, 16, 20, 21, 36, 33, 3, 20]]



results = calH(5,0.6,1000,30)


Search H: trial H = 2.77
-> H found: H = 2.77, arl = 27.76 (0.79), arl0 = 30. 
results is ([27.76123876123876, 0.7919929312845686, [4, 87, 46, 43, 55, 13, 13, 7, 50, 22, 6, 9, 33, 6, 25, 19, 72, 86, 4, 96, 42, 25, 7, 24, 
24, 83, 5, 2, 5, 29, 13, 3, 12, 22, 6, 12, 43, 6, 52, 30, 5, 11, 66, 40, 58, 49, 7, 13, 61, 57, 152, 2, 10, 17, 9, 35, 17, 12, 12, 4, 11, 16, 
37, 12, 18, 53, 10, 97, 3, 4, 23, 39, 78, 67, 14, 8, 21, 17, 5, 20, 99, 57, 15, 6, 16, 17, 9, 12, 4, 47, 20, 15, 6, 41, 19, 14, 13, 16, 74, 19, 13, 31, 67, 62, 4, 29, 15, 15, 17, 42, 43, 66, 53, 63, 29, 13, 21, 16, 6, 22, 19, 12, 63, 42, 5, 13, 8, 27, 21, 139, 37, 20, 5, 15, 34, 134, 22, 7, 33, 5, 6, 112, 46, 10, 73, 7, 7, 14, 28, 27, 30, 34, 28, 4, 22, 94, 5, 24, 5, 5, 4, 43, 94, 80, 7, 10, 106, 9, 5, 7, 15, 27, 23, 22, 7, 6, 4, 18, 32, 46, 3, 51, 18, 11, 15, 8, 14, 11, 38, 11, 40, 26, 15, 21, 9, 9, 14, 38, 16, 87, 4, 23, 12, 11, 78, 9, 27, 28, 15, 39, 14, 10, 
17, 9, 22, 9, 12, 129, 32, 175, 9, 46, 7, 12, 6, 36, 14, 31, 27, 48, 41, 13, 64, 4, 10, 7, 12, 17, 32, 26, 80, 19, 10, 31, 10, 4, 78, 23, 42, 
51, 15, 27, 31, 41, 10, 11, 68, 24, 12, 27, 67, 56, 3, 15, 31, 33, 83, 136, 28, 33, 4, 68, 10, 21, 6, 17, 20, 24, 42, 111, 16, 63, 47, 24, 20, 9, 5, 47, 51, 8, 17, 52, 4, 7, 13, 10, 18, 17, 15, 48, 10, 7, 14, 21, 27, 36, 10, 6, 5, 12, 4, 11, 39, 2, 17, 69, 36, 53, 12, 9, 12, 8, 21, 85, 54, 34, 2, 15, 9, 33, 15, 23, 16, 18, 12, 15, 49, 29, 18, 22, 24, 17, 28, 8, 26, 40, 67, 29, 65, 7, 41, 21, 51, 8, 40, 44, 8, 22, 103, 16, 
4, 3, 5, 3, 57, 10, 37, 23, 18, 20, 52, 3, 23, 3, 37, 34, 119, 31, 58, 7, 5, 21, 3, 54, 34, 6, 84, 102, 76, 22, 4, 15, 37, 90, 58, 18, 24, 4, 
24, 6, 84, 32, 28, 15, 16, 84, 12, 22, 77, 14, 13, 29, 26, 10, 15, 54, 9, 10, 22, 25, 30, 24, 20, 2, 9, 35, 12, 33, 21, 4, 14, 14, 8, 2, 73, 15, 16, 11, 7, 6, 9, 5, 24, 16, 127, 19, 13, 54, 46, 68, 75, 24, 10, 7, 11, 89, 16, 31, 82, 60, 5, 16, 46, 34, 13, 7, 18, 9, 3, 8, 30, 23, 7, 76, 27, 7, 38, 27, 9, 43, 54, 9, 7, 16, 14, 40, 19, 35, 19, 12, 21, 35, 6, 19, 21, 91, 53, 58, 11, 71, 16, 6, 31, 42, 10, 3, 15, 54, 37, 3, 53, 6, 4, 17, 45, 39, 26, 58, 5, 67, 60, 32, 8, 16, 25, 4, 2, 60, 44, 21, 9, 32, 73, 3, 5, 24, 13, 5, 6, 15, 49, 3, 19, 35, 3, 34, 27, 4, 42, 5, 
59, 11, 39, 17, 55, 20, 27, 18, 77, 16, 19, 2, 50, 13, 8, 15, 4, 30, 15, 96, 80, 28, 42, 5, 2, 9, 18, 10, 34, 90, 33, 51, 36, 10, 45, 32, 24, 
11, 19, 12, 47, 94, 20, 13, 4, 25, 26, 97, 25, 19, 9, 9, 30, 24, 18, 12, 13, 23, 2, 97, 10, 31, 6, 22, 64, 6, 62, 6, 77, 28, 10, 54, 16, 51, 12, 106, 61, 41, 9, 21, 65, 7, 18, 36, 9, 5, 5, 10, 64, 9, 40, 14, 11, 12, 14, 6, 19, 3, 5, 8, 7, 35, 5, 8, 6, 13, 45, 16, 18, 11, 9, 20, 15, 77, 16, 54, 5, 87, 9, 10, 9, 62, 33, 25, 36, 7, 15, 9, 28, 33, 13, 6, 24, 19, 25, 47, 7, 30, 33, 15, 24, 9, 93, 32, 43, 65, 10, 27, 11, 38, 3, 
2, 14, 39, 34, 12, 39, 4, 25, 7, 15, 19, 5, 37, 47, 22, 10, 60, 24, 14, 4, 5, 50, 21, 9, 13, 33, 18, 40, 29, 49, 17, 10, 14, 16, 22, 45, 2, 12, 66, 59, 62, 4, 12, 3, 34, 12, 10, 17, 7, 11, 22, 16, 6, 13, 39, 5, 23, 26, 9, 85, 15, 20, 27, 10, 62, 32, 22, 30, 17, 5, 35, 6, 29, 44, 3, 25, 46, 8, 29, 20, 19, 30, 24, 2, 47, 9, 48, 30, 38, 8, 7, 37, 63, 14, 11, 13, 39, 31, 7, 28, 30, 2, 2, 13, 61, 16, 45, 34, 43, 7, 126, 12, 9, 
30, 82, 23, 13, 42, 8, 5, 23, 35, 18, 26, 13, 20, 10, 40, 6, 15, 13, 45, 63, 71, 18, 51, 45, 12, 37, 39, 6, 7, 46, 9, 21, 39, 30, 6, 6, 5, 48, 14, 47, 2, 12, 35, 48, 76, 40, 18, 45, 68, 18, 53, 51, 31, 32, 7, 34, 9, 13, 10, 7, 25, 11, 8, 53, 110, 21, 105, 115, 31, 37, 8, 85, 11, 13, 
60, 4, 67, 21, 75, 19, 28, 30, 2, 4, 10, 6, 15, 12, 79, 21, 31, 32, 30, 21, 21, 26, 36, 26, 7, 72, 19, 12, 15, 19, 9, 3, 49, 9, 19, 7, 31, 15, 42, 7, 35, 46, 34, 18, 27, 17, 5, 24, 48, 17, 116, 46, 14, 63, 31, 38, 18, 33, 101, 2, 17, 35, 16, 15, 17, 52, 24, 16, 22, 19, 18, 13, 29, 9, 18, 24, 2, 2, 16, 20, 37, 29, 7, 16, 29, 3, 15, 49, 44, 21, 54, 6, 52, 8, 52, 16, 67, 11, 19, 17, 9, 33, 2, 46, 7, 12, 5, 25, 5, 50, 79, 4, 6]], 2.7732746049910384)




results = calH(5,0.4,1000,50)

Search H: trial H = 4.35
-> H found: H = 4.35, arl = 48.42 (1.35), arl0 = 50. 
results is ([48.417582417582416, 1.3488642487631977, [25, 52, 19, 24, 33, 41, 50, 13, 38, 66, 73, 16, 78, 17, 153, 10, 120, 8, 73, 11, 28, 25, 17, 31, 133, 103, 27, 44, 9, 49, 26, 32, 30, 3, 258, 65, 15, 15, 29, 16, 17, 42, 66, 59, 60, 21, 4, 49, 176, 37, 8, 13, 16, 36, 18, 23, 18, 5, 178, 36, 25, 105, 61, 6, 50, 14, 47, 11, 57, 17, 26, 59, 13, 10, 69, 118, 49, 35, 48, 25, 98, 8, 246, 139, 43, 89, 41, 25, 38, 5, 37, 8, 24, 34, 210, 72, 23, 31, 58, 22, 51, 20, 110, 79, 64, 122, 6, 68, 136, 20, 51, 61, 50, 14, 11, 38, 11, 8, 47, 39, 74, 26, 50, 74, 109, 37, 28, 102, 12, 4, 25, 18, 20, 32, 34, 66, 10, 17, 10, 8, 125, 8, 34, 161, 39, 178, 17, 64, 83, 77, 31, 55, 76, 35, 30, 19, 52, 53, 116, 14, 24, 76, 52, 56, 106, 35, 79, 38, 37, 26, 21, 19, 42, 7, 12, 11, 29, 17, 130, 6, 11, 7, 11, 81, 51, 26, 58, 31, 108, 140, 19, 54, 6, 6, 36, 66, 15, 23, 22, 31, 81, 10, 83, 70, 5, 13, 9, 17, 18, 17, 31, 23, 8, 111, 152, 30, 10, 21, 33, 11, 4, 10, 10, 84, 77, 13, 9, 209, 98, 56, 39, 5, 120, 48, 4, 24, 7, 18, 68, 15, 61, 55, 25, 10, 40, 73, 8, 16, 172, 18, 23, 16, 87, 66, 77, 29, 42, 26, 117, 46, 82, 16, 103, 129, 6, 16, 18, 80, 88, 102, 12, 27, 18, 13, 35, 15, 74, 92, 103, 21, 23, 33, 104, 19, 43, 21, 14, 137, 76, 36, 26, 16, 95, 14, 10, 13, 36, 243, 8, 20, 88, 53, 16, 107, 
126, 131, 19, 68, 49, 48, 11, 78, 47, 50, 21, 19, 9, 6, 7, 19, 116, 31, 10, 7, 35, 34, 24, 4, 109, 44, 74, 31, 73, 59, 12, 47, 45, 33, 18, 25, 37, 38, 8, 62, 42, 112, 49, 197, 76, 23, 53, 20, 44, 30, 13, 80, 65, 28, 151, 25, 32, 88, 16, 268, 45, 39, 12, 40, 37, 116, 47, 90, 11, 46, 19, 99, 27, 232, 36, 87, 34, 80, 5, 8, 44, 24, 9, 38, 101, 44, 34, 83, 51, 35, 68, 56, 117, 56, 30, 7, 160, 45, 35, 47, 38, 57, 102, 19, 38, 21, 17, 57, 16, 13, 38, 52, 8, 34, 8, 76, 38, 23, 97, 47, 53, 75, 26, 6, 21, 127, 5, 59, 31, 10, 33, 49, 23, 25, 22, 147, 6, 55, 22, 60, 40, 90, 23, 32, 7, 30, 38, 29, 94, 37, 11, 27, 103, 15, 34, 110, 14, 25, 114, 19, 51, 61, 134, 101, 110, 12, 7, 84, 58, 77, 90, 122, 10, 28, 30, 55, 
17, 52, 38, 23, 69, 72, 68, 24, 14, 38, 19, 11, 74, 18, 21, 34, 13, 7, 19, 19, 83, 86, 36, 10, 13, 11, 67, 10, 119, 57, 35, 52, 9, 80, 7, 18, 
42, 20, 77, 31, 22, 7, 98, 55, 4, 69, 27, 152, 89, 10, 14, 67, 126, 40, 68, 42, 48, 21, 24, 37, 42, 92, 21, 21, 38, 44, 73, 4, 58, 11, 5, 38, 
61, 19, 140, 95, 198, 18, 4, 23, 4, 62, 52, 4, 23, 14, 26, 60, 32, 30, 100, 11, 20, 32, 20, 40, 126, 12, 82, 57, 82, 49, 110, 125, 116, 157, 21, 18, 10, 61, 170, 68, 18, 45, 60, 18, 18, 124, 20, 55, 79, 52, 24, 32, 12, 48, 101, 19, 42, 165, 7, 15, 42, 151, 6, 21, 15, 30, 35, 27, 64, 
29, 20, 5, 164, 16, 31, 18, 115, 9, 36, 9, 85, 23, 36, 64, 9, 56, 65, 84, 21, 23, 149, 27, 29, 31, 67, 12, 15, 10, 20, 60, 151, 53, 95, 13, 5, 51, 46, 24, 26, 92, 56, 55, 38, 57, 73, 13, 104, 26, 15, 86, 195, 21, 17, 65, 68, 36, 18, 47, 19, 14, 42, 56, 35, 19, 28, 43, 18, 35, 61, 35, 40, 48, 19, 57, 3, 59, 39, 19, 51, 41, 5, 41, 51, 6, 11, 66, 22, 21, 47, 13, 10, 96, 107, 20, 8, 56, 38, 47, 104, 30, 28, 32, 66, 51, 22, 20, 160, 10, 65, 41, 114, 30, 28, 144, 14, 112, 8, 105, 15, 14, 91, 32, 186, 57, 23, 101, 116, 42, 6, 21, 168, 58, 47, 33, 37, 9, 17, 80, 28, 73, 46, 113, 14, 21, 50, 132, 127, 103, 73, 17, 62, 8, 24, 101, 143, 52, 168, 20, 121, 21, 42, 26, 28, 57, 51, 93, 43, 10, 23, 57, 13, 56, 132, 6, 10, 44, 16, 40, 24, 24, 40, 32, 51, 19, 41, 55, 31, 36, 26, 26, 49, 130, 88, 19, 65, 43, 47, 17, 32, 41, 12, 21, 32, 41, 20, 84, 31, 111, 118, 24, 56, 19, 10, 30, 43, 41, 20, 50, 6, 32, 50, 6, 9, 49, 56, 11, 17, 20, 8, 61, 6, 41, 61, 38, 38, 38, 106, 92, 79, 29, 11, 137, 24, 39, 35, 14, 14, 10, 19, 187, 73, 22, 14, 54, 34, 6, 14, 25, 19, 58, 15, 74, 92, 141, 49, 100, 33, 109, 22, 295, 68, 44, 13, 11, 10, 80, 11, 41, 149, 104, 54, 48, 24, 17, 61, 15, 55, 14, 36, 96, 84, 3, 17, 54, 20, 37, 21, 146, 87, 26, 115, 6, 71, 25, 47, 46, 13, 34, 15, 40, 5, 20, 32, 19, 6, 16, 20, 70, 5, 10, 28, 77, 35, 29, 9, 8, 46, 22, 25, 40, 39, 58, 32, 5, 139, 66, 33, 11, 235, 95, 115, 8, 25, 11, 136, 22, 83, 19, 27, 53, 32, 66, 92, 25, 35, 35, 23, 44, 15, 9, 51, 14, 25, 45, 33, 102, 115, 32, 104, 197, 83, 109, 62, 18, 68, 22, 50, 40, 77]], 4.352740828402367)


results = calH(5,0.5,1000,50)
Try bounds: trial H = 3.65.
-> Bounds found: H = 3.65, arl = 49.48 (1.44), arl0 = 50. Optimal H found. 
results is [49.484515484515484, 1.4441691988874794, [30, 25, 18, 70, 14, 23, 11, 110, 11, 109, 68, 106, 65, 22, 17, 33, 64, 46, 39, 22, 66, 30, 76, 91, 28, 32, 85, 42, 48, 22, 52, 116, 109, 15, 15, 130, 6, 14, 101, 77, 136, 82, 154, 2, 38, 62, 14, 43, 176, 104, 12, 19, 41, 64, 42, 30, 13, 37, 38, 32, 32, 18, 29, 81, 48, 150, 8, 18, 40, 32, 19, 88, 49, 12, 9, 14, 15, 11, 8, 18, 36, 106, 41, 91, 21, 41, 193, 14, 14, 24, 8, 43, 112, 40, 45, 48, 24, 25, 62, 50, 20, 91, 177, 7, 110, 101, 92, 61, 24, 8, 122, 20, 25, 117, 192, 26, 23, 91, 31, 62, 67, 50, 54, 68, 47, 29, 64, 54, 36, 64, 35, 173, 5, 68, 25, 66, 82, 25, 30, 47, 29, 109, 86, 46, 16, 36, 52, 25, 81, 21, 12, 75, 26, 91, 30, 63, 6, 46, 8, 86, 41, 60, 22, 180, 49, 40, 88, 5, 59, 6, 40, 48, 86, 12, 20, 21, 49, 11, 45, 39, 102, 28, 20, 9, 21, 7, 24, 15, 7, 61, 74, 25, 76, 47, 11, 26, 18, 32, 90, 7, 63, 57, 26, 123, 70, 32, 24, 112, 27, 103, 13, 43, 45, 69, 40, 44, 26, 11, 88, 99, 11, 6, 13, 32, 18, 6, 36, 32, 29, 68, 63, 106, 24, 62, 15, 61, 20, 70, 42, 64, 42, 26, 117, 46, 65, 23, 17, 33, 52, 8, 58, 142, 63, 15, 45, 18, 29, 104, 11, 28, 11, 6, 30, 14, 7, 82, 7, 36, 156, 41, 39, 85, 13, 15, 46, 32, 42, 123, 30, 33, 59, 57, 28, 21, 11, 48, 43, 14, 31, 16, 11, 142, 4, 27, 18, 46, 11, 10, 79, 61, 13, 18, 29, 43, 7, 21, 187, 24, 35, 59, 12, 28, 84, 25, 13, 29, 59, 32, 18, 50, 33, 67, 8, 160, 8, 68, 105, 135, 7, 84, 6, 47, 130, 20, 23, 67, 35, 33, 28, 
68, 42, 7, 14, 36, 49, 80, 24, 45, 126, 22, 29, 57, 65, 40, 142, 73, 12, 12, 11, 18, 79, 40, 23, 13, 15, 37, 21, 100, 5, 47, 20, 28, 39, 30, 105, 100, 63, 106, 90, 180, 15, 19, 56, 33, 30, 93, 32, 22, 120, 89, 166, 8, 100, 35, 140, 50, 141, 82, 28, 25, 17, 60, 17, 85, 18, 20, 86, 26, 34, 8, 139, 27, 56, 63, 19, 50, 58, 22, 2, 166, 17, 79, 36, 5, 52, 94, 14, 83, 54, 16, 23, 13, 20, 14, 29, 92, 10, 37, 32, 47, 49, 15, 247, 81, 25, 24, 12, 34, 12, 21, 5, 75, 40, 59, 17, 36, 28, 23, 22, 156, 12, 101, 3, 32, 7, 115, 13, 40, 14, 40, 57, 148, 30, 22, 16, 49, 40, 32, 49, 59, 17, 28, 186, 25, 17, 21, 40, 64, 88, 29, 16, 103, 90, 46, 87, 39, 62, 63, 8, 60, 37, 18, 47, 153, 14, 24, 62, 8, 59, 94, 60, 8, 18, 47, 
5, 32, 58, 37, 15, 7, 9, 121, 24, 2, 105, 31, 246, 7, 10, 83, 35, 159, 20, 5, 3, 11, 19, 7, 74, 41, 85, 41, 17, 43, 143, 16, 9, 146, 57, 31, 66, 38, 40, 211, 56, 230, 22, 21, 33, 37, 56, 93, 13, 24, 25, 22, 90, 120, 108, 13, 115, 49, 286, 12, 28, 75, 15, 17, 38, 76, 174, 106, 67, 72, 86, 64, 12, 30, 6, 116, 42, 23, 7, 136, 148, 29, 35, 9, 41, 70, 15, 4, 30, 30, 8, 100, 42, 50, 6, 43, 21, 12, 46, 325, 52, 21, 56, 79, 20, 51, 82, 40, 13, 116, 53, 7, 100, 14, 17, 15, 25, 48, 39, 48, 68, 83, 92, 92, 9, 15, 17, 155, 26, 31, 35, 7, 7, 51, 89, 6, 7, 77, 22, 41, 6, 103, 27, 17, 35, 45, 16, 20, 22, 27, 18, 192, 71, 14, 147, 50, 168, 45, 21, 14, 5, 177, 27, 53, 16, 10, 38, 43, 23, 33, 22, 143, 38, 34, 10, 35, 46, 87, 15, 37, 10, 52, 75, 57, 17, 14, 18, 16, 9, 124, 19, 29, 9, 66, 83, 12, 33, 36, 22, 13, 82, 43, 25, 11, 56, 46, 21, 105, 20, 10, 6, 25, 
20, 51, 38, 69, 34, 20, 33, 176, 80, 13, 28, 7, 29, 9, 23, 6, 49, 42, 54, 16, 48, 10, 20, 5, 13, 134, 88, 14, 61, 12, 50, 143, 58, 6, 126, 41, 13, 63, 32, 142, 121, 46, 72, 292, 22, 23, 16, 96, 58, 118, 22, 4, 12, 7, 55, 88, 47, 51, 15, 61, 21, 19, 16, 10, 22, 11, 59, 12, 51, 79, 5, 
33, 36, 31, 234, 117, 41, 66, 26, 117, 50, 189, 23, 25, 62, 17, 61, 24, 7, 55, 110, 42, 55, 20, 181, 78, 13, 15, 11, 321, 125, 50, 12, 7, 6, 19, 145, 49, 18, 59, 30, 82, 14, 35, 71, 27, 250, 37, 122, 78, 5, 105, 24, 21, 39, 20, 25, 71, 19, 8, 127, 138, 50, 9, 8, 55, 14, 34, 7, 20, 28, 24, 93, 52, 89, 5, 28, 150, 10, 197, 26, 41, 9, 9, 42, 13, 41, 13, 43, 36, 23, 51, 66, 154, 9, 9, 64, 6, 67, 74, 7, 47, 9, 81, 8, 64, 32, 49, 16, 23, 10, 27, 27, 8, 68, 25, 14, 63, 49, 17, 96, 198, 22, 91, 59, 59, 27, 108, 35, 26, 55, 18, 5, 15, 23, 42, 85, 12, 93, 34, 7, 13, 18, 71, 23, 57, 8, 68, 27, 44, 28, 55, 36, 20, 81, 45, 95, 71, 35, 76, 32, 9, 47, 23, 38, 7, 10, 83, 12, 227, 18, 41, 10, 18, 129, 21, 27, 3, 28, 11, 27, 140, 54, 158, 5, 28, 84, 14, 5, 74, 95, 41, 18, 7, 35, 19, 34, 55, 91, 136, 72, 20, 58, 6, 144]]


results = calH(5,0.6,1000,50)
Search H: trial H = 3.19
-> H found: H = 3.19, arl = 47.80 (1.44), arl0 = 50. 
results is ([47.7972027972028, 1.4358219253725266, [6, 3, 5, 16, 10, 24, 21, 53, 62, 46, 11, 24, 112, 4, 37, 4, 29, 78, 19, 15, 7, 16, 35, 50, 37, 50, 61, 195, 60, 84, 25, 419, 151, 107, 34, 32, 26, 55, 100, 17, 16, 13, 56, 11, 5, 36, 14, 115, 149, 4, 23, 13, 75, 16, 46, 44, 36, 81, 
19, 22, 19, 56, 107, 46, 24, 8, 50, 127, 36, 75, 19, 13, 97, 52, 26, 7, 24, 22, 84, 32, 33, 112, 84, 158, 62, 21, 22, 75, 29, 27, 36, 14, 17, 
32, 20, 62, 18, 50, 42, 29, 38, 36, 67, 27, 4, 47, 44, 64, 88, 42, 49, 10, 102, 25, 123, 21, 22, 52, 31, 24, 11, 12, 49, 12, 14, 11, 7, 10, 35, 43, 30, 32, 38, 23, 83, 148, 61, 47, 3, 34, 6, 136, 7, 29, 16, 7, 51, 51, 30, 169, 11, 70, 28, 10, 16, 29, 88, 31, 11, 7, 21, 108, 40, 97, 11, 2, 16, 18, 44, 53, 25, 67, 7, 12, 50, 90, 67, 4, 33, 32, 40, 53, 17, 15, 18, 9, 62, 137, 19, 12, 198, 23, 108, 17, 23, 32, 168, 19, 79, 48, 13, 51, 30, 24, 21, 41, 93, 6, 138, 32, 15, 10, 28, 45, 31, 93, 18, 6, 6, 82, 115, 25, 17, 35, 33, 16, 8, 17, 93, 154, 76, 18, 22, 64, 91, 51, 39, 31, 15, 22, 11, 58, 8, 38, 24, 64, 28, 24, 226, 70, 24, 141, 45, 13, 16, 52, 28, 5, 20, 12, 30, 9, 20, 13, 25, 61, 59, 31, 105, 50, 50, 
105, 14, 11, 26, 28, 208, 39, 5, 33, 12, 12, 81, 17, 97, 81, 5, 203, 53, 23, 73, 12, 164, 79, 40, 30, 111, 30, 24, 46, 11, 7, 4, 8, 24, 45, 36, 35, 109, 73, 23, 24, 17, 35, 20, 38, 49, 111, 171, 30, 46, 17, 8, 47, 44, 5, 52, 57, 175, 113, 74, 8, 49, 33, 4, 187, 22, 58, 143, 100, 37, 
15, 99, 32, 12, 41, 35, 12, 56, 75, 65, 17, 51, 169, 42, 25, 57, 51, 59, 118, 30, 43, 53, 17, 14, 23, 74, 66, 45, 30, 5, 21, 18, 18, 84, 30, 17, 25, 12, 39, 25, 17, 11, 123, 13, 23, 69, 7, 25, 52, 12, 11, 29, 10, 13, 8, 72, 5, 47, 14, 32, 55, 8, 89, 18, 40, 59, 8, 80, 22, 278, 68, 50, 69, 3, 46, 36, 22, 35, 91, 19, 17, 4, 95, 16, 9, 16, 27, 6, 33, 41, 55, 13, 32, 12, 8, 14, 34, 23, 17, 54, 97, 11, 56, 18, 25, 11, 60, 4, 11, 81, 39, 76, 2, 63, 19, 10, 22, 65, 75, 35, 57, 11, 41, 155, 41, 52, 45, 117, 15, 113, 34, 42, 23, 9, 7, 3, 9, 59, 29, 91, 11, 30, 38, 14, 78, 52, 93, 4, 91, 50, 92, 110, 151, 89, 57, 48, 18, 20, 18, 245, 68, 123, 10, 29, 12, 17, 119, 192, 18, 5, 57, 11, 14, 213, 12, 18, 161, 22, 50, 68, 23, 145, 81, 193, 12, 19, 58, 11, 93, 101, 48, 47, 30, 34, 5, 36, 24, 32, 27, 33, 118, 7, 73, 21, 16, 192, 38, 23, 167, 21, 89, 95, 101, 13, 61, 59, 75, 54, 22, 28, 51, 93, 27, 76, 33, 9, 79, 127, 29, 54, 55, 18, 33, 37, 13, 169, 12, 51, 8, 146, 53, 93, 12, 6, 52, 71, 14, 68, 6, 77, 54, 4, 19, 40, 51, 22, 53, 20, 18, 33, 11, 39, 31, 40, 9, 21, 39, 102, 13, 3, 33, 47, 44, 72, 27, 25, 21, 101, 4, 104, 36, 26, 9, 8, 7, 
21, 29, 14, 69, 47, 4, 103, 8, 28, 79, 28, 110, 11, 91, 67, 102, 22, 30, 21, 10, 99, 6, 35, 48, 58, 81, 86, 22, 199, 40, 105, 125, 77, 24, 47, 66, 102, 83, 57, 30, 36, 68, 45, 65, 63, 67, 30, 18, 9, 75, 39, 5, 43, 75, 28, 25, 98, 22, 60, 86, 36, 51, 99, 54, 13, 160, 20, 25, 53, 89, 12, 30, 56, 78, 5, 34, 106, 14, 29, 28, 42, 15, 7, 14, 101, 147, 8, 13, 59, 9, 13, 8, 6, 32, 70, 4, 46, 34, 147, 19, 55, 27, 74, 17, 117, 90, 35, 69, 24, 62, 5, 37, 18, 37, 7, 32, 56, 169, 43, 43, 231, 71, 9, 42, 43, 7, 70, 18, 30, 39, 50, 7, 8, 22, 42, 6, 9, 45, 67, 25, 8, 53, 85, 13, 37, 8, 51, 8, 17, 133, 18, 3, 5, 98, 92, 29, 5, 50, 35, 7, 9, 13, 67, 114, 179, 16, 22, 43, 19, 40, 14, 78, 72, 29, 43, 25, 129, 13, 1, 62, 
7, 142, 46, 43, 54, 24, 49, 26, 27, 51, 23, 13, 9, 104, 81, 38, 24, 76, 14, 101, 11, 23, 24, 18, 142, 30, 22, 58, 48, 52, 40, 138, 208, 142, 24, 102, 22, 115, 16, 128, 13, 5, 17, 37, 91, 20, 7, 44, 17, 10, 25, 64, 18, 17, 8, 23, 33, 22, 8, 78, 192, 28, 15, 52, 99, 93, 89, 10, 63, 4, 
32, 19, 53, 42, 31, 104, 28, 8, 80, 107, 65, 38, 85, 269, 23, 7, 82, 3, 59, 70, 88, 10, 32, 102, 82, 47, 5, 119, 16, 44, 30, 34, 182, 11, 24, 
3, 60, 11, 93, 83, 111, 92, 193, 9, 6, 67, 18, 34, 5, 82, 158, 89, 70, 38, 170, 16, 26, 32, 113, 56, 38, 84, 8, 43, 19, 22, 19, 183, 46, 33, 12, 13, 16, 6, 44, 22, 10, 7, 19, 37, 17, 44, 43, 83, 12, 13, 5, 28, 22, 142, 51, 18, 30, 6, 104, 15, 88, 24, 23, 14, 254, 88, 19, 73, 8, 5, 119, 19, 6, 108, 23, 19, 25, 50, 93, 67, 28, 21, 10, 159, 22, 4, 9, 23, 27]], 3.186341063013555)
